0000000    175317  177355  000007  000400  000003  100000  000002  000000
0000020    000017  000000  002420  000000  000205  000040  000000  000000
0000040    000031  000000  000110  000000  057537  040520  042507  042532
0000060    047522  000000  000000  000000  000000  000000  000000  000000
0000100    000000  000000  000001  000000  000000  000000  000000  000000
0000120    000000  000000  000000  000000  000000  000000  000000  000000
0000140    000000  000000  000000  000000  000031  000000  000730  000000
0000160    057537  042524  052130  000000  000000  000000  000000  000000
0000200    000000  000000  000001  000000  010000  000000  000000  000000
0000220    000000  000000  000000  000000  010000  000000  000000  000000
0000240    000007  000000  000005  000000  000005  000000  000000  000000
0000260    057537  062564  072170  000000  000000  000000  000000  000000
0000300    057537  042524  052130  000000  000000  000000  000000  000000
0000320    007320  000000  000001  000000  000247  000000  000000  000000
0000340    007320  000000  000004  000000  000000  000000  000000  000000
0000360    002000  100000  000000  000000  000000  000000  000000  000000
0000400    057537  072163  061165  000163  000000  000000  000000  000000
0000420    057537  042524  052130  000000  000000  000000  000000  000000
0000440    007570  000000  000001  000000  000014  000000  000000  000000
0000460    007570  000000  000001  000000  000000  000000  000000  000000
0000500    002010  100000  000000  000000  000006  000000  000000  000000
0000520    057537  072163  061165  064137  066145  062560  000162  000000
0000540    057537  042524  052130  000000  000000  000000  000000  000000
0000560    007604  000000  000001  000000  000044  000000  000000  000000
0000600    007604  000000  000002  000000  000000  000000  000000  000000
0000620    002000  100000  000000  000000  000000  000000  000000  000000
0000640    057537  071543  071164  067151  000147  000000  000000  000000
0000660    057537  042524  052130  000000  000000  000000  000000  000000
0000700    007650  000000  000001  000000  000004  000000  000000  000000
0000720    007650  000000  000000  000000  000000  000000  000000  000000
0000740    000002  000000  000000  000000  000000  000000  000000  000000
0000760    057537  067165  064567  062156  064537  063156  000157  000000
0001000    057537  042524  052130  000000  000000  000000  000000  000000
0001020    007654  000000  000001  000000  000110  000000  000000  000000
0001040    007654  000000  000002  000000  000000  000000  000000  000000
0001060    000000  000000  000000  000000  000000  000000  000000  000000
0001100    000031  000000  000470  000000  057537  040504  040524  000000
0001120    000000  000000  000000  000000  010000  000000  000001  000000
0001140    010000  000000  000000  000000  010000  000000  000000  000000
0001160    010000  000000  000000  000000  000007  000000  000003  000000
0001200    000003  000000  000000  000000  057537  066156  071537  066571
0001220    067542  057554  072160  000162  057537  040504  040524  000000
0001240    000000  000000  000000  000000  010000  000000  000001  000000
0001260    000020  000000  000000  000000  010000  000000  000003  000000
0001300    000000  000000  000000  000000  000006  000000  000002  000000
0001320    000000  000000  000000  000000  057537  067547  000164  000000
0001340    000000  000000  000000  000000  057537  040504  040524  000000
0001360    000000  000000  000000  000000  010020  000000  000001  000000
0001400    000010  000000  000000  000000  010020  000000  000003  000000
0001420    000000  000000  000000  000000  000006  000000  000004  000000
0001440    000000  000000  000000  000000  057537  060554  071537  066571
0001460    067542  057554  072160  000162  057537  040504  040524  000000
0001500    000000  000000  000000  000000  010030  000000  000001  000000
0001520    000020  000000  000000  000000  010030  000000  000003  000000
0001540    000000  000000  000000  000000  000007  000000  000005  000000
0001560    000000  000000  000000  000000  000031  000000  000110  000000
0001600    057537  044514  045516  042105  052111  000000  000000  000000
0001620    020000  000000  000001  000000  010000  000000  000000  000000
0001640    020000  000000  000000  000000  000574  000000  000000  000000
0001660    000007  000000  000001  000000  000000  000000  000000  000000
0001700    000042  100000  000060  000000  020000  000000  000010  000000
0001720    020010  000000  000070  000000  000000  000000  000000  000000
0001740    020100  000000  000050  000000  020150  000000  000060  000000
0001760    000002  000000  000030  000000  020240  000000  000006  000000
0002000    020434  000000  000140  000000  000013  000000  000120  000000
0002020    000000  000000  000000  000000  000000  000000  000002  000000
0002040    000002  000000  000004  000000  000000  000000  000000  000000
0002060    000000  000000  000000  000000  000000  000000  000000  000000
0002100    020400  000000  000007  000000  000000  000000  000000  000000
0002120    000000  000000  000000  000000  000016  000000  000040  000000
0002140    000014  000000  072457  071163  066057  061151  062057  066171
0002160    000144  000000  000000  000000  000033  000000  000030  000000
0002200    172005  051645  153366  035477  064672  063733  011754  057021
0002220    000062  000000  000040  000000  000001  000000  007000  000012
0002240    007000  000012  000001  000000  000003  000000  006000  000631
0002260    000052  000000  000020  000000  000000  000000  000000  000000
0002300    000050  100000  000030  000000  007320  000000  000000  000000
0002320    000000  000000  000000  000000  000014  000000  000070  000000
0002340    000030  000000  000002  000000  144005  002344  000000  000001
0002360    072457  071163  066057  061151  066057  061151  074523  072163
0002400    066545  041056  062056  066171  061151  000000  000000  000000
0002420    000046  000000  000020  000000  020230  000000  000010  000000
0002440    000051  000000  000020  000000  020240  000000  000000  000000
0002460    000000  000000  000000  000000  000000  000000  000000  000000
*
0007320    044125  162611  101510  040354  105510  030405  000001  044000
0007340    000213  104510  174105  042707  000314  000000  143400  144105
0007360    000000  000000  076603  005310  106417  000031  000000  042613
0007400    044310  046543  104710  106504  105720  144105  140203  104401
0007420    144105  156751  177777  143777  144105  000000  000000  076603
0007440    005310  106417  000042  000000  106510  074475  000000  105400
0007460    144165  000260  042750  000000  104400  142105  042613  101710
0007500    000700  042611  164710  177724  177777  042613  044314  006613
0007520    000274  000000  105510  044011  052613  044370  150471  042611
0007540    007700  004605  000000  105400  140105  101510  040304  141535
0007560    001750  000000  007400  110013  022777  000232  000000  022777
0007600    000234  000000  106514  076435  000000  040400  177523  066445
0007620    000000  110000  000150  000000  164400  177746  177777  014150
0007640    000000  164400  177734  177777  062045  000012  000001  000000
0007660    000034  000000  000000  000000  000034  000000  000000  000000
0007700    000034  000000  000002  000000  007320  000000  000064  000000
0007720    000064  000000  007570  000000  000000  000000  000064  000000
0007740    000003  000000  000014  000001  000020  000001  000000  000000
0007760    000000  000400  000000  000000  000000  000000  000000  000000
0010000    000000  000000  000000  000000  000000  000000  000000  000000
0010020    000000  000000  000000  000000  007624  000000  000001  000000
0010040    007636  000000  000001  000000  000000  000000  000000  000000
0010060    000000  000000  000000  000000  000000  000000  000000  000000
*
0020000    021021  051030  000000  000000  040021  057537  071537  060564
0020020    065543  061537  065550  063537  060565  062162  050400  010162
0020040    040220  074544  062154  071537  072564  057542  064542  062156
0020060    071145  100000  177750  177777  177777  177777  000777  000220
0020100    014162  040021  057537  071537  060564  065543  061537  065550
0020120    063137  064541  000154  000220  020162  040021  070137  064562
0020140    072156  000146  000220  000000  000400  000137  000005  057402
0020160    064155  062537  062570  072543  062564  064137  060545  062544
0020200    000162  066441  064541  000156  001045  000000  001400  150000
0020220    000035  000000  000000  000000  016720  000000  000000  000000
0020240    000002  000000  000417  000020  000000  000000  000001  000000
0020260    000026  000000  000417  000000  007320  000000  000001  000000
0020300    000034  000000  000001  000400  000000  000000  000000  000000
0020320    000056  000000  000001  000400  000000  000000  000000  000000
0020340    000101  000000  000001  000400  000000  000000  000000  000000
0020360    000111  000000  000001  000400  000000  000000  000000  000000
0020400    000002  000000  000004  000000  000005  000000  000000  040000
0020420    000003  000000  000002  000000  000004  000000  000040  057537
0020440    064155  062537  062570  072543  062564  064137  060545  062544
0020460    000162  066537  064541  000156  057537  071537  060564  065543
0020500    061537  065550  063137  064541  000154  057537  071537  060564
0020520    065543  061537  065550  063537  060565  062162  057400  071160
0020540    067151  063164  062000  066171  057544  072163  061165  061137
0020560    067151  062544  000162  000000  000000  000000                
0020574
