Training RandomForestClassifier

Accuracy score for validation: 0.9647
Confusion matrix for validation:
[[ 991    0    2    0    0    0    3    0    4    2]
 [   1 1090    5    3    4    1    2    3    2    4]
 [   4    3  994    3    1    1    4    2    6    0]
 [   0    1   14  984    0    7    1    8    9    4]
 [   2    1    1    0  950    0    3    4    3   15]
 [   4    4    2   14    2  877    8    1    3    2]
 [   7    0    0    1    2   10  942    0    2    0]
 [   2    2   10    2    7    0    0  992    2   16]
 [   2    6    7   14    7   11    6    2  894   13]
 [   1    3    1    6   15    5    1   12    5  933]]

Accuracy score for test: 0.9656
Confusion matrix for test:
[[ 955    0    1    0    1    0    4    0    8    0]
 [   0 1092    5    2    1    2    1    5    2    0]
 [   4    3  968    3    4    2    3    8   10    0]
 [   1    1   14  968    0    4    1    7    4   10]
 [   0    1    1    0  929    1    5    2    3   21]
 [   3    2    0    8    2  888   10    1    4    5]
 [   4    3    2    0    3    7  997    0    1    0]
 [   1    5   11    0   10    0    0  986    2   13]
 [   1    6    5    7    3    7    6    1  971   13]
 [   5    3    2   18   13    1    1    5    5  902]]

Training ExtraTreesClassifier

Accuracy score for validation: 0.9672
Confusion matrix for validation:
[[ 994    0    1    0    0    0    3    0    3    1]
 [   1 1092    3    3    4    0    2    4    3    3]
 [   2    3  991    3    2    1    4    3    8    1]
 [   1    1   12  990    0    6    0    4   10    4]
 [   4    1    1    0  948    0    2    4    0   19]
 [   3    4    3   18    2  874    6    1    2    4]
 [   6    0    1    0    2    7  946    0    2    0]
 [   1    4    9    1    7    0    0  994    2   15]
 [   2    5    5   13    7    8    5    3  902   12]
 [   1    3    1   10   11    2    1   10    2  941]]

Accuracy score for test: 0.9715
Confusion matrix for test:
[[ 956    0    0    1    1    0    4    0    6    1]
 [   0 1097    6    2    1    0    0    3    1    0]
 [   4    3  972    3    2    1    4    8    8    0]
 [   0    0    9  975    1    3    2    6    6    8]
 [   0    3    1    0  939    0    2    2    3   13]
 [   2    0    0    7    3  894    9    1    2    5]
 [   3    3    2    0    3    6  999    0    1    0]
 [   1    6    9    1    9    0    0  989    0   13]
 [   1    4    4    4    1    6    3    1  982   14]
 [   4    2    2   14    6    2    1    5    7  912]]

Training LinearSVC

Accuracy score for validation: 0.9076
Confusion matrix for validation:
[[ 975    0    5    2    0    4    4    1   10    1]
 [   0 1082    6    3    1    5    2    6    8    2]
 [   5   16  898   22    9   10   13   13   28    4]
 [   7    3   20  904    2   40    2   13   26   11]
 [   2    2    7    3  911    2    7    5    9   31]
 [   9    7    3   45    8  788   25    4   13   15]
 [   9    2    8    1    7   18  913    0    6    0]
 [   2    5   13    3   15    1    1  950    4   39]
 [   4   30   16   28   12   37   10    5  794   26]
 [   3    4    3   10   41    6    0   44   10  861]]

Accuracy score for test: 0.9103
Confusion matrix for test:
[[ 935    0    4    3    2    4    9    1   10    1]
 [   0 1077    6    4    0    5    2    4   10    2]
 [   6    9  889   17    9    8   18   16   28    5]
 [   5    4   21  907    5   28    4    8   16   12]
 [   2    5    8    2  896    3    3    3    8   33]
 [  15    4    4   35    9  789   25    4   30    8]
 [   6    3   21    0    7   14  958    1    6    1]
 [   4    7   12    5   13    3    1  947    1   35]
 [   8   24   15   32    8   37    7    5  866   18]
 [   7    2    6   22   25    8    1   32   13  839]]

Training XGBClassifier

Accuracy score for validation: 0.9744
Confusion matrix for validation:
[[ 991    0    0    1    0    1    3    1    5    0]
 [   0 1093    5    1    5    1    2    3    3    2]
 [   2    2  997    4    1    0    2    2    7    1]
 [   1    3    5 1004    0    6    0    3    3    3]
 [   2    1    1    0  956    0    4    2    0   13]
 [   4    5    3    8    1  883    6    0    4    3]
 [   4    0    1    0    3   10  943    0    3    0]
 [   1    1    9    1    3    0    0 1007    2    9]
 [   4    3    5    6    2    8    5    3  921    5]
 [   2    4    0    5   10    2    1    8    1  949]]

Accuracy score for test: 0.9756
Confusion matrix for test:
[[ 956    0    0    1    2    1    3    0    4    2]
 [   0 1096    5    1    1    0    0    6    1    0]
 [   0    0  987    1    2    0    1    7    6    1]
 [   0    1    7  983    1    2    0    5    3    8]
 [   0    3    1    1  939    0    1    2    4   12]
 [   3    1    0    9    2  890   12    1    1    4]
 [   2    3    2    0    5    4  997    0    4    0]
 [   1    4   10    2   10    0    0  997    1    3]
 [   1    5    4    3    3    2    3    1  988   10]
 [   5    3    2    6    6    2    1    4    3  923]]

